%YAML:1.0
img1: !!opencv-matrix
   rows: 1
   cols: 200
   dt: f
   data: [ 8.99280596e-04, 1.79856119e-03, 6.29496435e-03,
       8.09352566e-03, 9.89208650e-03, 3.59712238e-03, 0.,
       8.09352566e-03, 3.59712238e-03, 4.49640304e-03, 6.29496435e-03,
       1.79856119e-03, 8.99280608e-03, 8.99280596e-04, 1.16906473e-02,
       1.79856119e-03, 3.59712238e-03, 8.99280596e-04, 9.89208650e-03,
       4.49640304e-03, 7.19424477e-03, 1.79856119e-03, 3.59712238e-03,
       5.39568346e-03, 3.59712238e-03, 2.69784173e-03, 2.60791369e-02,
       9.89208650e-03, 1.25899287e-02, 4.49640304e-03, 8.99280608e-03,
       0., 2.69784173e-03, 8.99280596e-04, 6.29496435e-03,
       1.52877700e-02, 1.79856119e-03, 3.59712238e-03, 3.59712238e-03,
       8.99280596e-04, 0., 1.25899287e-02, 1.79856119e-03,
       1.88848916e-02, 8.99280596e-04, 8.99280596e-04, 2.69784173e-03,
       1.70863308e-02, 3.59712238e-03, 8.99280608e-03, 7.19424477e-03,
       1.79856119e-03, 2.69784173e-03, 1.79856119e-03, 3.59712238e-03,
       1.79856119e-03, 2.69784173e-03, 8.99280596e-04, 3.59712238e-03,
       8.99280596e-04, 3.59712238e-03, 1.79856119e-03, 5.39568346e-03,
       8.99280596e-04, 8.99280608e-03, 2.69784173e-03, 3.59712238e-03,
       7.19424477e-03, 7.19424477e-03, 5.39568346e-03, 7.19424477e-03,
       0., 3.59712238e-03, 1.79856122e-02, 2.69784173e-03,
       1.79856119e-03, 1.79856119e-03, 4.49640304e-03, 4.49640304e-03,
       2.69784173e-03, 7.19424477e-03, 1.79856119e-03, 2.69784173e-03,
       7.19424477e-03, 2.69784173e-03, 6.29496435e-03, 5.39568346e-03,
       1.25899287e-02, 2.24820152e-02, 1.79856119e-03, 8.99280608e-03,
       1.79856119e-03, 3.59712238e-03, 1.34892091e-02, 2.69784173e-03,
       1.79856119e-03, 5.39568346e-03, 4.49640304e-03, 1.79856119e-03,
       8.99280608e-03, 5.39568346e-03, 4.49640304e-03, 1.79856119e-03,
       5.39568346e-03, 3.59712238e-03, 2.69784173e-03, 1.70863308e-02,
       2.69784173e-03, 4.49640304e-03, 3.59712238e-03, 5.39568346e-03,
       9.89208650e-03, 6.29496435e-03, 6.29496435e-03, 8.99280596e-04,
       4.49640304e-03, 9.89208650e-03, 4.49640304e-03, 8.99280596e-04,
       8.99280596e-04, 3.59712238e-03, 2.69784173e-03, 1.79856119e-03,
       4.49640304e-03, 3.59712238e-03, 5.39568346e-03, 2.69784173e-03,
       1.79856119e-03, 8.99280596e-04, 2.69784173e-03, 1.79856119e-03,
       1.79856119e-03, 8.09352566e-03, 5.39568346e-03, 1.79856119e-03,
       8.99280596e-04, 6.29496435e-03, 5.39568346e-03, 0.,
       2.60791369e-02, 2.69784173e-03, 4.49640304e-03, 6.29496435e-03,
       5.39568346e-03, 1.79856119e-03, 1.97841730e-02, 0.,
       5.39568346e-03, 4.49640304e-03, 1.07913669e-02, 5.39568346e-03,
       3.59712238e-03, 1.79856119e-03, 1.79856119e-03, 3.59712238e-03,
       3.59712238e-03, 0., 8.99280596e-04, 1.79856119e-03,
       8.99280596e-04, 2.69784173e-03, 3.59712238e-03, 8.99280596e-04,
       2.69784173e-03, 1.79856119e-03, 2.42805760e-02, 2.69784173e-03,
       1.79856119e-03, 2.69784173e-03, 2.69784173e-03, 7.19424477e-03,
       1.79856119e-03, 2.69784173e-03, 8.99280596e-04, 3.59712238e-03,
       8.09352566e-03, 8.99280596e-04, 9.89208650e-03, 2.06834543e-02,
       8.99280596e-04, 8.09352566e-03, 1.79856119e-03, 2.69784173e-03,
       1.43884895e-02, 1.79856119e-03, 1.79856119e-03, 1.79856119e-03,
       1.79856119e-03, 1.79856119e-03, 8.99280596e-04, 5.39568346e-03,
       8.99280596e-04, 2.69784173e-03, 4.49640304e-03, 2.69784173e-03,
       9.89208650e-03, 8.99280596e-04, 5.39568346e-03, 3.59712238e-03,
       2.24820152e-02 ]
