%YAML:1.0
img1: !!opencv-matrix
   rows: 1
   cols: 200
   dt: f
   data: [ 8.99280596e-04, 1.79856119e-03, 6.29496435e-03,
       8.09352566e-03, 9.89208650e-03, 3.59712238e-03, 0.,
       8.09352566e-03, 3.59712238e-03, 4.49640304e-03, 6.29496435e-03,
       1.79856119e-03, 8.99280608e-03, 8.99280596e-04, 1.16906473e-02,
       1.79856119e-03, 3.59712238e-03, 8.99280596e-04, 9.89208650e-03,
       4.49640304e-03, 7.19424477e-03, 1.79856119e-03, 3.59712238e-03,
       5.39568346e-03, 3.59712238e-03, 2.69784173e-03, 2.60791369e-02,
       9.89208650e-03, 1.25899287e-02, 4.49640304e-03, 8.99280608e-03,
       0., 2.69784173e-03, 8.99280596e-04, 6.29496435e-03,
       1.52877700e-02, 1.79856119e-03, 3.59712238e-03, 3.59712238e-03,
       8.99280596e-04, 0., 1.25899287e-02, 1.79856119e-03,
       1.88848916e-02, 8.99280596e-04, 8.99280596e-04, 2.69784173e-03,
       1.70863308e-02, 3.59712238e-03, 8.99280608e-03, 7.19424477e-03,
       1.79856119e-03, 2.69784173e-03, 1.79856119e-03, 3.59712238e-03,
       1.79856119e-03, 2.69784173e-03, 8.99280596e-04, 3.59712238e-03,
       8.99280596e-04, 3.59712238e-03, 1.79856119e-03, 5.39568346e-03,
       8.99280596e-04, 8.99280608e-03, 2.69784173e-03, 3.59712238e-03,
       7.19424477e-03, 7.19424477e-03, 5.39568346e-03, 7.19424477e-03,
       0., 3.59712238e-03, 1.79856122e-02, 2.69784173e-03,
       1.79856119e-03, 1.79856119e-03, 4.49640304e-03, 4.49640304e-03,
       2.69784173e-03, 7.19424477e-03, 1.79856119e-03, 2.69784173e-03,
       7.19424477e-03, 2.69784173e-03, 6.29496435e-03, 5.39568346e-03,
       1.25899287e-02, 2.24820152e-02, 1.79856119e-03, 8.99280608e-03,
       1.79856119e-03, 3.59712238e-03, 1.34892091e-02, 2.69784173e-03,
       1.79856119e-03, 5.39568346e-03, 4.49640304e-03, 1.79856119e-03,
       8.99280608e-03, 5.39568346e-03, 4.49640304e-03, 1.79856119e-03,
       5.39568346e-03, 3.59712238e-03, 2.69784173e-03, 1.70863308e-02,
       2.69784173e-03, 4.49640304e-03, 3.59712238e-03, 5.39568346e-03,
       9.89208650e-03, 6.29496435e-03, 6.29496435e-03, 8.99280596e-04,
       4.49640304e-03, 9.89208650e-03, 4.49640304e-03, 8.99280596e-04,
       8.99280596e-04, 3.59712238e-03, 2.69784173e-03, 1.79856119e-03,
       4.49640304e-03, 3.59712238e-03, 5.39568346e-03, 2.69784173e-03,
       1.79856119e-03, 8.99280596e-04, 2.69784173e-03, 1.79856119e-03,
       1.79856119e-03, 8.09352566e-03, 5.39568346e-03, 1.79856119e-03,
       8.99280596e-04, 6.29496435e-03, 5.39568346e-03, 0.,
       2.60791369e-02, 2.69784173e-03, 4.49640304e-03, 6.29496435e-03,
       5.39568346e-03, 1.79856119e-03, 1.97841730e-02, 0.,
       5.39568346e-03, 4.49640304e-03, 1.07913669e-02, 5.39568346e-03,
       3.59712238e-03, 1.79856119e-03, 1.79856119e-03, 3.59712238e-03,
       3.59712238e-03, 0., 8.99280596e-04, 1.79856119e-03,
       8.99280596e-04, 2.69784173e-03, 3.59712238e-03, 8.99280596e-04,
       2.69784173e-03, 1.79856119e-03, 2.42805760e-02, 2.69784173e-03,
       1.79856119e-03, 2.69784173e-03, 2.69784173e-03, 7.19424477e-03,
       1.79856119e-03, 2.69784173e-03, 8.99280596e-04, 3.59712238e-03,
       8.09352566e-03, 8.99280596e-04, 9.89208650e-03, 2.06834543e-02,
       8.99280596e-04, 8.09352566e-03, 1.79856119e-03, 2.69784173e-03,
       1.43884895e-02, 1.79856119e-03, 1.79856119e-03, 1.79856119e-03,
       1.79856119e-03, 1.79856119e-03, 8.99280596e-04, 5.39568346e-03,
       8.99280596e-04, 2.69784173e-03, 4.49640304e-03, 2.69784173e-03,
       9.89208650e-03, 8.99280596e-04, 5.39568346e-03, 3.59712238e-03,
       2.24820152e-02 ]
img2: !!opencv-matrix
   rows: 1
   cols: 200
   dt: f
   data: [ 0., 0., 2.12765951e-02, 0., 0., 0., 0., 0., 0., 0., 0., 0.,
       0., 0., 0., 0., 0., 0., 0., 0., 0., 1.06382975e-02, 0., 0., 0.,
       0., 0., 0., 0., 0., 0., 0., 0., 0., 0., 0., 0., 2.12765951e-02,
       0., 0., 1.06382975e-02, 0., 0., 0., 1.06382975e-02, 0., 0., 0.,
       0., 0., 0., 0., 0., 0., 0., 0., 0., 0., 0., 0., 0., 0.,
       1.06382975e-02, 0., 0., 0., 0., 0., 0., 0., 0., 0., 0., 0.,
       2.12765951e-02, 1.27659574e-01, 0., 0., 0., 1.06382975e-02, 0.,
       0., 0., 0., 0., 0., 0., 0., 0., 0., 0., 0., 0., 0.,
       1.17021270e-01, 0., 0., 0., 5.31914867e-02, 0., 0., 0., 0., 0.,
       0., 1.06382975e-02, 0., 0., 0., 1.06382975e-02, 0., 0., 0., 0.,
       0., 0., 0., 0., 0., 0., 0., 0., 0., 0., 0., 0., 0., 0., 0., 0.,
       0., 0., 0., 0., 0., 0., 0., 0., 0., 0., 0., 0., 0., 0., 0., 0.,
       1.17021270e-01, 0., 0., 0., 0., 0., 0., 1.06382975e-02, 0., 0.,
       0., 2.12765951e-02, 0., 0., 0., 0., 0., 0., 2.12765951e-02, 0.,
       8.51063803e-02, 0., 0., 3.19148935e-02, 0., 0., 0., 0., 0., 0.,
       0., 0., 1.80851057e-01, 0., 0., 0., 0., 0., 0., 0.,
       6.38297871e-02, 0., 0., 0., 0., 0., 0., 0., 1.06382975e-02, 0.,
       0., 0., 2.12765951e-02, 0. ]
img3: !!opencv-matrix
   rows: 1
   cols: 200
   dt: f
   data: [ 1.44404336e-03, 1.80505426e-03, 1.08303246e-03, 0.,
       1.44404336e-03, 7.58122746e-03, 7.22021679e-04, 0.,
       1.80505426e-03, 4.69314074e-03, 8.01444054e-02, 5.74007221e-02,
       2.16606492e-03, 3.50180529e-02, 1.51624549e-02, 3.61010840e-04,
       1.80505426e-03, 0., 7.22021679e-04, 1.80505426e-03, 0.,
       4.33212984e-03, 5.41516254e-03, 2.52707582e-03, 2.16606492e-03,
       7.22021679e-04, 0., 0., 0., 0., 1.80505426e-03, 0., 0., 0.,
       3.61010840e-04, 0., 2.88808672e-03, 0., 2.16606492e-03,
       6.13718433e-03, 7.22021679e-04, 6.78700358e-02, 0.,
       2.16606492e-03, 0., 7.22021679e-04, 6.49819523e-03, 0.,
       4.69314074e-03, 7.22021679e-04, 7.22021679e-04, 0., 0.,
       2.16606492e-03, 1.44404336e-03, 1.44404336e-03, 1.08303246e-03,
       0., 1.44404336e-03, 0., 3.61010840e-04, 1.80505426e-03,
       2.16606492e-03, 3.61010840e-04, 3.97111941e-03, 3.61010840e-04,
       1.08303246e-03, 0., 5.05415164e-03, 1.80505426e-03,
       1.08303246e-03, 1.80505426e-03, 3.61010840e-04, 9.74729285e-03,
       0., 7.22021679e-04, 0., 7.22021679e-04, 7.22021679e-04,
       1.08303246e-03, 2.05776170e-02, 1.08303246e-03, 1.80505426e-03,
       0., 7.25631788e-02, 1.80505426e-03, 3.61010840e-04,
       1.08303246e-03, 1.66064985e-02, 2.52707582e-03, 1.55234663e-02,
       5.77617344e-03, 2.16606492e-03, 4.33212984e-03, 7.22021679e-04,
       0., 7.22021679e-04, 3.61010840e-04, 1.26353791e-02,
       5.05415164e-03, 7.11191371e-02, 3.61010840e-04, 0.,
       1.08303246e-03, 1.08303246e-03, 1.33574009e-02, 0.,
       3.61010840e-04, 0., 0., 3.61010851e-03, 7.22021679e-04,
       1.22743687e-02, 6.49819523e-03, 2.38267146e-02, 7.22021679e-04,
       0., 4.69314074e-03, 2.41877269e-02, 2.52707582e-03, 0.,
       2.16606492e-03, 2.88808672e-03, 3.61010840e-04, 7.22021679e-04,
       1.40794227e-02, 0., 0., 1.44404336e-03, 1.80505426e-03,
       3.61010840e-04, 2.88808672e-03, 0., 0., 5.41516254e-03,
       1.08303251e-02, 3.61010840e-04, 2.16606492e-03, 0.,
       2.88808672e-03, 3.61010840e-04, 3.61010851e-03, 4.33212984e-03,
       1.08303246e-03, 0., 3.61010851e-03, 7.22021679e-04,
       7.22021679e-04, 1.44404336e-03, 9.38628148e-03, 1.08303246e-03,
       7.58122746e-03, 5.74007221e-02, 1.44404336e-03, 3.61010840e-04,
       0., 5.59566803e-02, 0., 1.08303246e-03, 5.05415164e-03,
       7.22021679e-04, 3.61010840e-04, 2.16606492e-03, 5.41516254e-03,
       3.61010840e-04, 2.52707582e-03, 0., 3.61010840e-04,
       7.22021679e-04, 1.08303246e-03, 4.33212984e-03, 0.,
       1.51624549e-02, 7.22021679e-04, 0., 5.77617344e-03,
       1.08303246e-03, 5.41516254e-03, 8.66425969e-03, 0.,
       7.22021679e-04, 0., 1.80505426e-03, 0., 3.61010840e-04,
       2.16606492e-03, 8.30324925e-03, 0., 7.58122746e-03, 0.,
       7.22021679e-04, 7.22021679e-04, 2.88808672e-03, 6.13718433e-03,
       0., 0., 8.66425969e-03, 3.61010840e-04, 3.61010840e-04, 0. ]
